row : 5 and columns : 6
Je sors de la lecture
0 1
11 2
13 2
9 2
7 2
2 2
14 1
19 1
28 1
23 2
22 3
5 3
12 1
25 3
27 1
29 1
21 0
8 3
15 1
26 0
20 3
24 1
18 2
4 3
1 0
6 0
16 0
17 0

1 1
13 2
14 2
12 2
7 2
2 2
4 1
23 1
19 2
25 1
26 1
6 3
8 1
24 0
28 2
29 2
27 3
11 3
5 1
18 0
20 3
21 1
22 0
15 3
3 0
10 0
16 0
17 0

2 1
10 2
9 2
15 2
5 2
1 2
8 1
21 2
18 2
20 1
23 2
13 3
4 1
22 1
24 2
28 0
29 2
7 3
6 1
25 3
26 3
19 0
27 3
11 3
3 0
12 0
16 0
14 0

2 1
10 2
14 2
16 2
5 2
1 2
8 1
21 2
18 2
20 1
23 2
13 3
4 1
22 1
24 2
28 0
29 2
7 3
6 1
25 3
26 3
19 0
27 3
11 3
3 0
12 0
15 0
9 0

2 1
10 2
14 2
16 2
5 2
1 2
8 1
21 2
18 2
20 1
23 2
13 3
4 1
22 1
24 2
28 0
29 2
15 3
6 1
25 3
26 3
19 0
27 3
12 3
3 0
11 0
7 0
9 0

Temps : 0.000000 seconds
Pièce de couleur 2/0/0/3|Pièce de couleur 6/3/0/3|Pièce de couleur 4/3/0/2|########################|########################|########################|
########################|########################|########################|########################|########################|########################|
########################|########################|########################|########################|########################|########################|
########################|########################|########################|########################|########################|########################|
########################|########################|########################|########################|########################|########################|
