1 1
27 2
29 2
14 2
55 2
21 2
52 2
60 2
25 2
12 2
53 2
50 2
48 2
33 2
32 2
38 2
30 2
19 2
28 2
0 2
39 1
133 3
174 3
120 3
62 3
168 3
124 3
232 3
66 3
87 3
117 3
72 3
154 3
183 3
75 3
253 3
149 3
150 3
186 3
58 3
6 1
99 3
190 3
224 3
161 3
212 3
205 3
119 3
160 3
63 3
141 3
245 3
225 3
194 3
176 3
197 3
106 3
126 3
90 3
56 3
59 1
218 3
254 3
125 3
114 3
195 3
201 3
143 3
177 3
213 3
116 3
171 3
203 3
230 3
208 3
159 3
98 3
244 3
223 3
51 3
35 1
118 3
93 3
207 3
152 3
156 3
204 3
214 3
77 3
113 3
243 3
132 3
259 3
252 3
134 3
108 3
192 3
178 3
173 3
26 3
41 1
84 3
71 3
240 3
221 3
67 3
103 3
92 3
206 3
170 3
172 3
210 3
123 3
74 3
158 3
130 3
167 3
185 3
131 3
61 3
23 1
163 3
65 3
242 3
142 3
182 3
146 3
78 3
129 3
86 3
241 3
209 3
89 3
140 3
112 3
233 3
101 3
122 3
180 3
17 3
40 1
256 3
181 3
100 3
247 3
73 3
250 3
139 3
121 3
196 3
222 3
137 3
85 3
148 3
96 3
104 3
226 3
138 3
255 3
15 3
9 1
248 3
88 3
220 3
258 3
179 3
236 3
187 3
198 3
234 3
246 3
239 3
217 3
69 3
70 3
109 3
228 3
68 3
219 3
4 3
22 1
184 3
191 3
145 3
211 3
155 3
215 3
166 3
238 3
115 3
249 3
81 3
83 3
199 3
229 3
227 3
94 3
235 3
169 3
36 3
49 1
165 3
151 3
251 3
135 3
157 3
136 3
231 3
144 3
188 3
164 3
257 3
80 3
79 3
237 3
105 3
200 3
216 3
189 3
46 3
16 1
97 3
64 3
91 3
82 3
110 3
128 3
107 3
111 3
175 3
127 3
153 3
102 3
162 3
193 3
76 3
95 3
147 3
202 3
24 3
3 0
42 0
47 0
18 0
20 0
45 0
37 0
34 0
5 0
13 0
43 0
8 0
7 0
54 0
10 0
11 0
31 0
57 0
44 0
2 3
