1 1
9 2
38 2
8 2
62 2
35 2
47 2
55 2
26 2
69 2
49 2
46 2
17 2
33 2
13 2
67 2
65 2
24 2
11 2
3 2
41 1
279 0
122 0
299 0
300 0
394 0
374 0
215 0
94 0
114 0
106 0
268 1
181 0
242 1
115 0
186 0
241 0
117 0
135 0
29 3
30 1
197 0
81 2
277 0
353 0
329 0
366 2
161 0
119 2
95 2
287 0
130 2
127 0
205 0
163 2
111 0
170 2
77 1
88 0
59 3
25 1
204 2
82 0
105 0
78 0
185 0
296 3
290 1
206 0
260 0
293 2
91 0
322 0
212 2
388 0
133 0
140 0
156 0
373 0
60 3
19 1
396 0
316 0
203 0
250 0
98 0
259 0
273 0
138 2
76 0
192 0
355 0
124 0
172 3
202 0
211 0
330 3
147 0
306 0
7 3
27 1
233 0
372 0
142 0
153 0
245 0
209 0
179 0
237 0
104 2
120 0
386 0
184 0
89 0
341 0
360 0
289 0
254 0
177 0
14 3
32 1
275 0
379 0
129 0
80 1
196 0
191 2
313 1
160 0
126 0
339 0
199 0
361 0
159 0
194 0
208 0
154 0
324 0
387 1
74 3
4 1
304 0
390 0
365 0
175 2
393 0
87 0
262 2
328 0
317 0
347 2
239 0
340 1
326 0
371 3
264 0
345 0
157 0
152 0
73 3
18 1
190 0
399 0
380 3
256 0
276 0
201 2
398 0
79 0
349 1
311 0
236 2
217 0
397 0
357 0
251 0
253 0
102 0
309 0
64 3
34 1
113 0
176 1
282 1
265 2
381 0
323 1
83 3
93 1
182 0
139 0
310 2
257 0
219 3
118 3
284 0
85 1
272 0
171 3
61 3
22 1
325 0
274 0
378 0
193 0
207 2
295 0
227 0
359 0
220 0
337 0
183 0
92 0
97 0
352 1
283 2
188 2
99 0
221 0
37 3
51 1
281 0
84 0
200 0
225 0
377 0
112 3
213 0
375 0
158 0
270 0
383 0
132 0
298 0
108 0
364 0
303 0
189 0
224 2
52 3
42 1
247 1
195 0
291 0
258 0
125 0
116 0
143 0
155 0
255 0
231 0
96 0
269 0
292 2
144 0
271 0
356 0
335 0
180 0
5 3
48 1
214 3
363 0
234 0
285 2
327 0
232 0
308 0
218 0
146 0
307 0
384 0
346 0
223 0
243 0
148 0
362 0
86 0
266 0
28 3
21 1
103 0
230 0
319 0
228 0
301 0
222 0
376 0
110 0
226 0
165 0
342 3
178 0
174 0
320 0
369 0
168 0
198 0
389 0
70 3
6 1
280 0
321 0
244 0
173 0
123 0
354 0
164 0
149 0
167 0
216 0
302 0
315 0
333 0
187 0
348 0
210 0
334 0
90 0
58 3
40 1
286 0
238 0
385 0
336 0
367 0
318 0
131 2
100 0
312 0
267 0
263 0
343 0
332 2
145 0
235 3
338 0
261 0
166 0
20 3
63 1
288 0
391 1
350 0
162 0
101 2
248 0
368 0
246 0
141 0
370 0
150 0
297 0
252 0
305 0
382 0
331 2
134 0
358 0
39 3
68 1
137 0
395 0
314 3
392 0
169 1
351 0
229 0
278 0
128 0
136 0
294 2
240 3
107 0
249 1
344 0
151 0
109 2
121 0
45 3
0 0
10 0
56 0
44 0
31 0
23 0
71 0
12 0
43 0
54 0
15 0
16 0
75 0
50 0
72 0
57 0
53 0
66 0
36 0
2 3
