0 1
31 2
60 2
30 2
49 2
58 2
35 2
17 2
4 2
59 2
14 2
26 2
34 2
32 2
19 2
11 2
3 2
7 1
178 0
237 0
277 0
219 0
79 0
146 0
271 0
179 0
124 0
187 0
173 0
249 0
180 0
286 0
213 0
28 3
13 1
229 0
122 0
135 0
172 0
145 0
202 0
231 0
155 0
119 0
96 0
261 0
184 0
75 0
258 0
192 0
43 3
15 1
174 0
217 0
87 0
222 0
209 0
112 0
182 0
288 0
106 0
123 0
125 0
245 0
272 0
86 0
239 0
9 3
36 1
183 0
139 0
156 0
117 0
147 0
235 0
280 0
255 0
120 0
273 0
263 0
111 0
92 0
257 0
206 0
47 3
8 1
76 0
265 0
166 0
211 0
269 0
162 0
244 0
168 0
157 0
94 0
287 0
284 0
70 0
131 0
283 0
27 3
61 1
95 0
133 0
109 0
108 0
148 0
100 0
278 0
65 0
175 0
196 0
240 0
227 0
161 0
98 0
221 0
54 3
62 1
164 0
225 0
130 0
129 0
214 0
234 0
137 0
97 0
88 0
85 0
89 0
264 0
285 0
163 0
84 0
16 3
29 1
101 0
238 0
226 0
118 0
170 0
83 0
107 0
134 0
242 0
276 0
189 0
141 0
116 0
256 0
78 0
10 3
18 1
127 0
132 0
110 0
67 0
210 0
203 0
153 0
143 0
236 0
77 0
260 0
247 0
251 0
274 0
266 0
46 3
39 1
259 0
254 0
103 0
252 0
93 0
144 0
224 0
200 0
71 0
68 0
167 0
194 0
81 0
165 0
138 0
53 3
51 1
223 0
191 0
80 0
218 0
204 0
102 0
282 0
64 0
279 0
228 0
113 0
126 0
160 0
159 0
201 0
20 3
6 1
151 0
262 0
150 0
216 0
243 0
267 0
195 0
205 0
128 0
90 0
185 0
208 0
212 0
215 0
121 0
21 3
41 1
181 0
73 0
69 0
169 0
91 0
104 0
66 0
114 0
74 0
176 0
82 0
241 0
72 0
177 0
140 0
38 3
57 1
188 0
158 0
233 0
198 0
253 0
136 0
230 0
199 0
246 0
197 0
190 0
248 0
281 0
154 0
207 0
12 3
33 1
250 0
193 0
268 0
275 0
105 0
152 0
270 0
115 0
149 0
232 0
142 0
99 0
186 0
171 0
220 0
22 3
2 0
50 0
24 0
63 0
23 0
56 0
40 0
37 0
25 0
45 0
42 0
5 0
44 0
52 0
48 0
55 0
1 3
