2 1
28 2
18 2
34 2
26 2
27 2
30 2
39 2
8 2
5 2
16 2
15 2
46 2
35 2
3 2
9 1
196 2
95 3
58 3
96 1
59 2
107 1
136 1
163 2
109 2
140 2
187 1
142 3
125 3
13 3
14 1
153 2
143 3
166 3
131 0
127 3
124 1
132 2
161 3
82 3
61 3
72 1
151 2
116 3
23 3
24 1
91 2
165 3
146 2
128 2
150 2
62 0
217 3
108 1
162 0
179 2
170 3
177 3
97 3
36 3
21 1
158 2
102 3
193 3
105 0
189 3
67 2
145 3
134 1
103 0
195 2
121 0
180 2
111 2
12 3
37 1
173 1
80 0
194 3
83 3
186 3
185 1
212 1
157 1
178 0
84 2
219 3
174 2
176 1
22 3
11 1
139 3
60 1
183 3
87 3
89 1
98 0
216 1
112 2
218 1
123 2
141 0
117 0
215 1
10 3
33 1
205 2
115 0
168 2
172 1
171 2
129 2
75 3
74 1
144 3
76 3
160 3
118 2
198 3
44 3
54 1
200 3
104 2
73 3
88 1
181 3
99 2
119 1
155 2
221 2
126 0
159 1
213 2
154 3
50 3
42 1
122 2
214 2
191 0
209 3
208 2
199 2
110 3
135 2
133 0
169 1
137 3
149 1
184 3
31 3
6 1
197 1
204 3
106 3
207 0
201 0
113 0
63 0
93 0
65 0
182 1
152 1
64 2
206 3
45 3
52 1
220 1
120 0
203 2
57 0
202 2
70 0
85 2
77 2
69 2
130 3
148 1
101 3
78 2
41 3
29 1
147 1
100 2
156 1
90 2
211 2
92 2
192 1
114 2
222 1
68 3
164 3
167 1
224 0
20 3
7 1
71 2
190 2
81 1
86 2
210 1
175 2
79 3
66 1
223 1
188 1
56 2
94 1
138 2
38 3
0 0
32 0
55 0
43 0
48 0
40 0
53 0
51 0
47 0
49 0
19 0
4 0
17 0
25 0
1 3
