2 1
35 2
62 2
61 2
31 2
63 2
21 2
20 2
9 2
12 2
34 2
47 2
54 2
37 2
58 2
7 2
50 2
0 2
57 1
243 3
186 3
139 3
134 2
301 3
137 2
308 3
247 2
305 3
92 3
169 3
125 3
235 3
197 3
104 2
306 2
66 3
17 1
221 2
145 3
190 3
231 2
136 3
217 2
167 3
300 3
196 3
118 3
298 3
179 2
74 2
258 2
77 3
160 2
18 3
27 1
151 3
205 3
82 3
216 3
156 2
211 3
93 3
297 3
91 3
201 3
290 3
207 3
133 3
271 3
203 3
273 3
59 3
65 1
97 3
177 3
269 3
100 3
83 3
215 3
309 3
234 3
223 3
204 3
127 3
84 3
251 3
101 2
206 3
265 3
24 3
56 1
229 2
143 3
317 2
185 3
198 3
260 2
239 3
246 3
176 3
316 3
142 3
71 3
114 3
183 3
323 3
202 3
26 3
41 1
210 3
166 3
320 2
289 3
288 3
130 3
99 3
312 3
282 3
254 3
73 3
274 2
209 3
276 3
163 2
295 3
48 3
29 1
122 3
171 3
236 3
108 3
124 3
281 3
102 3
116 2
193 3
85 3
70 3
213 3
141 3
95 3
128 2
310 3
51 3
40 1
291 3
138 2
238 3
245 3
286 2
275 3
149 3
303 3
270 3
230 3
181 3
79 3
293 3
164 3
117 3
90 3
15 3
8 1
192 3
129 3
299 3
266 3
165 3
294 3
225 3
121 3
261 3
255 3
218 3
311 3
159 3
189 3
86 3
81 3
5 3
13 1
155 3
279 3
244 2
147 2
257 3
253 2
307 3
214 3
313 2
318 2
146 3
280 3
226 3
200 3
199 2
319 3
46 3
33 1
284 3
259 3
227 3
106 3
315 2
191 3
154 3
152 3
264 3
75 3
68 3
228 3
287 2
272 2
194 1
278 3
42 3
30 1
252 2
87 3
180 3
178 3
135 3
233 3
304 3
98 3
321 3
72 3
119 3
126 3
103 3
132 3
174 3
80 3
28 3
16 1
248 3
120 3
148 2
242 3
150 3
262 3
249 3
107 2
113 3
96 3
184 3
69 3
195 3
112 2
170 3
232 2
53 3
52 1
256 2
173 3
283 2
222 3
302 3
94 3
263 3
250 3
153 3
157 3
219 3
168 3
175 2
296 3
285 3
105 3
32 3
64 1
182 3
89 3
76 3
240 3
237 3
162 3
187 3
161 3
224 2
220 3
131 3
140 3
208 3
78 3
123 2
111 3
22 3
14 1
88 3
109 3
144 3
212 3
188 3
115 3
110 3
158 3
277 3
241 3
292 3
314 3
267 2
268 3
172 3
322 3
23 3
1 0
45 0
6 0
38 0
67 0
10 0
4 0
49 0
19 0
43 0
60 0
44 0
55 0
11 0
25 0
36 0
39 0
3 3
