16 16
0 0 1 3
0 0 1 13
0 0 2 3
0 0 3 2
0 1 4 1
0 1 5 2
0 1 16 1
0 1 16 14
0 1 8 3
0 1 19 13
0 1 20 2
0 1 21 13
0 1 21 14
0 1 15 13
0 2 5 1
0 2 6 3
0 2 17 14
0 2 9 14
0 2 19 2
0 2 20 2
0 2 10 13
0 2 11 1
0 2 11 14
0 2 12 1
0 2 15 1
0 3 4 2
0 3 4 3
0 3 5 3
0 3 6 3
0 3 19 14
0 3 20 2
0 3 12 3
0 3 21 2
0 3 21 13
0 3 22 14
0 3 18 13
0 13 6 1
0 13 7 14
0 13 8 14
0 13 9 2
0 13 9 3
0 13 20 1
0 13 20 2
0 13 20 3
0 13 10 1
0 13 12 13
0 13 21 13
0 13 22 13
0 14 4 14
0 14 5 1
0 14 5 2
0 14 16 1
0 14 19 13
0 14 10 13
0 14 10 14
0 14 21 3
0 14 22 1
0 14 22 14
0 14 15 2
0 14 18 3
4 4 16 6
4 4 17 19
4 5 5 7
4 6 4 21
4 6 6 18
4 6 17 17
4 6 8 5
4 6 12 16
4 6 18 21
4 7 7 19
4 7 19 11
4 8 17 6
4 8 20 10
4 8 12 20
4 8 21 7
4 9 17 20
4 9 9 20
4 19 7 22
4 19 12 7
4 19 22 15
4 20 9 6
4 10 6 6
4 10 8 10
4 11 6 9
4 11 16 17
4 11 21 11
4 11 22 12
4 12 4 15
4 12 16 18
4 12 10 22
4 21 8 11
4 21 9 20
4 21 9 10
4 21 10 15
4 21 11 17
4 15 15 7
4 18 10 9
4 18 12 21
4 18 15 16
4 18 18 15
5 5 11 20
5 5 11 22
5 5 22 9
5 5 18 16
5 6 10 20
5 16 7 21
5 16 9 21
5 16 10 20
5 16 22 8
5 17 20 11
5 17 11 20
5 7 12 9
5 7 12 22
5 8 17 10
5 8 19 11
5 8 11 8
5 8 18 22
5 9 7 15
5 19 22 11
5 20 21 18
5 10 17 18
5 12 16 22
5 12 17 9
5 12 12 20
5 21 11 18
5 21 15 20
5 22 17 16
5 22 9 15
5 22 10 7
5 22 12 21
5 15 16 12
5 15 11 17
5 18 17 22
5 18 8 10
5 18 10 7
5 18 22 12
6 6 12 19
6 16 16 7
6 16 16 8
6 16 16 11
6 16 9 15
6 16 20 16
6 16 22 11
6 16 15 15
6 17 7 10
6 7 6 11
6 7 6 18
6 7 7 17
6 7 20 11
6 9 16 8
6 9 10 18
6 19 8 8
6 19 8 9
6 19 18 22
6 10 19 19
6 10 19 11
6 10 18 19
6 12 19 22
6 12 21 16
6 21 15 15
6 22 16 12
6 22 17 12
6 18 20 8
6 18 10 22
16 17 7 10
16 17 10 21
16 8 7 7
16 9 8 20
16 9 9 15
16 19 10 21
16 19 12 22
16 19 15 8
16 20 20 20
16 20 11 12
16 10 19 15
16 11 19 9
16 12 17 10
16 21 11 22
16 21 21 20
16 22 19 22
16 15 8 22
16 15 19 8
17 17 9 21
17 7 18 19
17 8 9 11
17 8 21 21
17 9 15 19
17 19 17 15
17 19 7 9
17 19 22 9
17 20 7 7
17 20 20 12
17 10 8 19
17 11 15 8
17 11 15 18
17 11 18 20
17 12 8 18
17 12 9 21
17 12 12 12
17 21 9 7
17 22 15 21
17 22 18 19
17 15 11 9
17 15 11 21
17 15 22 7
17 15 18 15
7 7 18 19
7 8 9 18
7 8 21 20
7 19 8 9
7 19 22 20
7 20 7 22
7 10 21 21
7 11 7 12
7 11 10 18
7 11 18 15
7 12 9 20
7 22 10 11
7 15 8 10
7 18 8 22
7 18 15 15
7 18 15 18
8 8 11 18
8 8 12 19
8 8 22 20
8 19 9 20
8 19 11 11
8 10 9 21
8 12 19 18
8 12 22 21
8 21 11 12
8 21 11 15
9 9 9 12
9 19 22 10
9 10 19 10
9 10 19 12
9 10 11 20
9 11 10 22
9 12 20 18
9 12 15 20
9 21 19 15
9 21 10 15
19 20 20 11
19 20 12 21
19 10 18 12
19 15 22 18
20 20 15 18
20 10 11 10
20 11 10 15
20 12 22 15
10 10 18 21
10 11 21 11
11 21 22 12
12 22 15 22
12 18 22 18
21 18 15 18

